1234 0 0 10.03.2025 23:54:30 20 127 0 13.114 290 1 0 247 384
1234 1 0 10.03.2025 23:54:30 20 127 0 13.114 290 1 0 247 384
1234 2 0 10.03.2025 23:54:30 20 127 0 13.114 290 1 0 247 384
1234 3 0 10.03.2025 23:54:30 20 127 0 13.114 290 1 0 247 384
1234 4 0 10.03.2025 23:54:30 20 127 0 13.114 290 1 0 247 384
1234 5 0 10.03.2025 23:54:30 20 127 0 13.114 290 1 0 247 384
1234 6 0 10.03.2025 23:54:30 20 127 0 13.114 290 1 0 247 384
1234 7 0 10.03.2025 23:54:30 20 127 0 13.114 290 1 0 247 384
1234 8 0 10.03.2025 23:54:30 20 127 0 13.114 290 1 0 247 384
1234 9 0 10.03.2025 23:54:30 20 127 0 13.114 290 1 0 247 384
1234 10 0 10.03.2025 23:54:30 20 127 0 13.114 290 1 0 247 384
1234 11 0 10.03.2025 23:54:30 20 127 0 13.114 290 1 0 247 384
1234 12 0 10.03.2025 23:54:30 20 127 0 13.114 290 1 0 247 384
1234 13 0 10.03.2025 23:54:30 20 127 0 13.114 290 1 0 247 384
1234 14 0 10.03.2025 23:54:30 20 127 0 13.114 290 1 0 247 384
1234 15 0 10.03.2025 23:54:30 20 127 0 13.114 290 1 0 247 384
1234 16 0 10.03.2025 23:54:30 20 127 0 13.114 290 1 0 247 384
1234 17 0 10.03.2025 23:54:30 20 127 0 13.114 290 1 0 247 384
1234 18 0 10.03.2025 23:54:30 20 127 0 13.114 290 1 0 247 384
1234 19 0 10.03.2025 23:54:30 20 127 0 13.114 290 1 0 247 384
1234 20 0 10.03.2025 23:54:30 20 127 0 13.114 290 1 0 247 384
1234 21 0 10.03.2025 23:54:30 20 127 0 13.114 290 1 0 247 384
1234 22 0 10.03.2025 23:54:30 20 127 0 13.114 290 1 0 247 384
1234 23 0 10.03.2025 23:54:30 20 127 0 13.114 290 1 0 247 384
1234 24 0 10.03.2025 23:54:30 20 127 0 13.114 290 1 0 247 384
1234 25 0 10.03.2025 23:54:30 20 127 0 13.114 290 1 0 247 384
1234 26 0 10.03.2025 23:54:30 20 127 0 13.114 290 1 0 247 384
1234 27 0 10.03.2025 23:54:30 20 127 0 13.114 290 1 0 247 384
1234 28 0 10.03.2025 23:54:30 20 127 0 13.114 290 1 0 247 384
1234 29 0 10.03.2025 23:54:30 20 127 0 13.114 290 1 0 247 384
1234 30 0 10.03.2025 23:54:30 20 127 0 13.114 290 1 0 247 384
1234 31 0 10.03.2025 23:54:30 20 127 0 13.114 290 1 0 247 384
1234 32 0 10.03.2025 23:54:30 20 127 0 13.114 290 1 0 247 384
1234 33 0 10.03.2025 23:54:30 20 127 0 13.114 290 1 0 247 384
1234 34 0 10.03.2025 23:54:30 20 127 0 13.114 290 1 0 247 384
1234 35 0 10.03.2025 23:54:30 20 127 0 13.114 290 1 0 247 384
1234 36 0 10.03.2025 23:54:30 20 127 0 13.114 290 1 0 247 384
1234 37 0 10.03.2025 23:54:30 20 127 0 13.114 290 1 0 247 384
1234 38 0 10.03.2025 23:54:30 20 127 0 13.114 290 1 0 247 384
1234 39 0 10.03.2025 23:54:30 20 127 0 13.114 290 1 0 247 384
1234 40 0 10.03.2025 23:54:30 20 127 0 13.114 290 1 0 247 384
1234 41 0 10.03.2025 23:54:30 20 127 0 13.114 290 1 0 247 384
1234 42 0 10.03.2025 23:54:30 20 127 0 13.114 290 1 0 247 384
1234 43 0 10.03.2025 23:54:30 20 127 0 13.114 290 1 0 247 384
1234 44 0 10.03.2025 23:54:30 20 127 0 13.114 290 1 0 247 384
1234 45 0 10.03.2025 23:54:30 20 127 0 13.114 290 1 0 247 384
1234 46 0 10.03.2025 23:54:30 20 127 0 13.114 290 1 0 247 384
1234 47 0 10.03.2025 23:54:30 20 127 0 13.114 290 1 0 247 384
1234 48 0 10.03.2025 23:54:30 20 127 0 13.114 290 1 0 247 384
1234 49 0 10.03.2025 23:54:30 20 127 0 13.114 290 1 0 247 384
1234 50 0 10.03.2025 23:54:30 20 127 0 13.114 290 1 0 247 384
1234 51 0 10.03.2025 23:54:30 20 127 0 13.114 290 1 0 247 384
1234 52 0 10.03.2025 23:54:30 20 127 0 13.114 290 1 0 247 384
1234 53 0 10.03.2025 23:54:30 20 127 0 13.114 290 1 0 247 384
1234 54 0 10.03.2025 23:54:30 20 127 0 13.114 290 1 0 247 384
1234 55 0 10.03.2025 23:54:30 20 127 0 13.114 290 1 0 247 384
1234 56 0 10.03.2025 23:54:30 20 127 0 13.114 290 1 0 247 384
1234 57 0 10.03.2025 23:54:30 20 127 0 13.114 290 1 0 247 384
1234 58 0 10.03.2025 23:54:30 20 127 0 13.114 290 1 0 247 384
1234 59 0 10.03.2025 23:54:30 20 127 0 13.114 290 1 0 247 384
1234 60 0 10.03.2025 23:54:30 20 127 0 13.114 290 1 0 247 384
1234 61 0 10.03.2025 23:54:30 20 127 0 13.114 290 1 0 247 384
1234 62 0 10.03.2025 23:54:30 20 127 0 13.114 290 1 0 247 384
1234 63 0 10.03.2025 23:54:30 20 127 0 13.114 290 1 0 247 384
1234 64 0 10.03.2025 23:54:30 20 127 0 13.114 290 1 0 247 384
1234 65 0 10.03.2025 23:54:30 20 127 0 13.114 290 1 0 247 384
1234 66 0 10.03.2025 23:54:30 20 127 0 13.114 290 1 0 247 384
1234 67 0 10.03.2025 23:54:30 20 127 0 13.114 290 1 0 247 384
1234 68 0 10.03.2025 23:54:30 20 127 0 13.114 290 1 0 247 384
1234 69 0 10.03.2025 23:54:30 20 127 0 13.114 290 1 0 247 384
1234 70 0 10.03.2025 23:54:30 20 127 0 13.114 290 1 0 247 384
1234 71 0 10.03.2025 23:54:30 20 127 0 13.114 290 1 0 247 384
1234 72 0 10.03.2025 23:54:30 20 127 0 13.114 290 1 0 247 384
1234 73 0 10.03.2025 23:54:30 20 127 0 13.114 290 1 0 247 384
1234 74 0 10.03.2025 23:54:30 20 127 0 13.114 290 1 0 247 384
1234 75 0 10.03.2025 23:54:30 20 127 0 13.114 290 1 0 247 384
1234 76 0 10.03.2025 23:54:30 20 127 0 13.114 290 1 0 247 384
1234 77 0 10.03.2025 23:54:30 20 127 0 13.114 290 1 0 247 384
1234 78 0 10.03.2025 23:54:30 20 127 0 13.114 290 1 0 247 384
1234 79 0 10.03.2025 23:54:30 20 127 0 13.114 290 1 0 247 384
1234 80 0 10.03.2025 23:54:30 20 127 0 13.114 290 1 0 247 384
1234 81 0 10.03.2025 23:54:30 20 127 0 13.114 290 1 0 247 384
1234 82 0 10.03.2025 23:54:30 20 127 0 13.114 290 1 0 247 384
1234 83 0 10.03.2025 23:54:30 20 127 0 13.114 290 1 0 247 384
1234 84 0 10.03.2025 23:54:30 20 127 0 13.114 290 1 0 247 384
1234 85 0 10.03.2025 23:54:30 20 127 0 13.114 290 1 0 247 384
1234 86 0 10.03.2025 23:54:30 20 127 0 13.114 290 1 0 247 384
1234 87 0 10.03.2025 23:54:30 20 127 0 13.114 290 1 0 247 384
1234 88 0 10.03.2025 23:54:30 20 127 0 13.114 290 1 0 247 384
1234 89 0 10.03.2025 23:54:30 20 127 0 13.114 290 1 0 247 384
1234 90 0 10.03.2025 23:54:30 20 127 0 13.114 290 1 0 247 384
1234 91 0 10.03.2025 23:54:30 20 127 0 13.114 290 1 0 247 384
1234 92 0 10.03.2025 23:54:30 20 127 0 13.114 290 1 0 247 384
1234 93 0 10.03.2025 23:54:30 20 127 0 13.114 290 1 0 247 384
1234 94 0 10.03.2025 23:54:30 20 127 0 13.114 290 1 0 247 384
1234 95 0 10.03.2025 23:54:30 20 127 0 13.114 290 1 0 247 384
1234 96 0 10.03.2025 23:54:30 20 127 0 13.114 290 1 0 247 384
1234 97 0 10.03.2025 23:54:30 20 127 0 13.114 290 1 0 247 384
1234 98 0 10.03.2025 23:54:30 20 127 0 13.114 290 1 0 247 384
1234 99 0 10.03.2025 23:54:30 20 127 0 13.114 290 1 0 247 384
1234 100 0 10.03.2025 23:54:30 20 127 0 13.114 290 1 0 247 384
1234 101 0 10.03.2025 23:54:30 20 127 0 13.114 290 1 0 247 384
1234 102 0 10.03.2025 23:54:30 20 127 0 13.114 290 1 0 247 384
1234 103 0 10.03.2025 23:54:30 20 127 0 13.114 290 1 0 247 384
1234 104 0 10.03.2025 23:54:30 20 127 0 13.114 290 1 0 247 384
1234 105 0 10.03.2025 23:54:30 20 127 0 13.114 290 1 0 247 384
1234 106 0 10.03.2025 23:54:30 20 127 0 13.114 290 1 0 247 384
1234 107 0 10.03.2025 23:54:30 20 127 0 13.114 290 1 0 247 384
1234 108 0 10.03.2025 23:54:30 20 127 0 13.114 290 1 0 247 384
1234 109 0 10.03.2025 23:54:30 20 127 0 13.114 290 1 0 247 384
1234 110 0 10.03.2025 23:54:30 20 127 0 13.114 290 1 0 247 384
1234 111 0 10.03.2025 23:54:30 20 127 0 13.114 290 1 0 247 384
1234 112 0 10.03.2025 23:54:30 20 127 0 13.114 290 1 0 247 384
1234 113 0 10.03.2025 23:54:30 20 127 0 13.114 290 1 0 247 384
1234 114 0 10.03.2025 23:54:30 20 127 0 13.114 290 1 0 247 384
1234 115 0 10.03.2025 23:54:30 20 127 0 13.114 290 1 0 247 384
1234 116 0 10.03.2025 23:54:30 20 127 0 13.114 290 1 0 247 384
1234 117 0 10.03.2025 23:54:30 20 127 0 13.114 290 1 0 247 384
1234 118 0 10.03.2025 23:54:30 20 127 0 13.114 290 1 0 247 384
1234 119 0 10.03.2025 23:54:30 20 127 0 13.114 290 1 0 247 384
1234 120 0 10.03.2025 23:54:30 20 127 0 13.114 290 1 0 247 384
1234 121 0 10.03.2025 23:54:30 20 127 0 13.114 290 1 0 247 384
1234 122 0 10.03.2025 23:54:30 20 127 0 13.114 290 1 0 247 384
1234 123 0 10.03.2025 23:54:30 20 127 0 13.114 290 1 0 247 384
1234 124 0 10.03.2025 23:54:30 20 127 0 13.114 290 1 0 247 384
1234 125 0 10.03.2025 23:54:30 20 127 0 13.114 290 1 0 247 384
1234 126 0 10.03.2025 23:54:30 20 127 0 13.114 290 1 0 247 384
1234 127 0 10.03.2025 23:54:30 20 127 0 13.114 290 1 0 247 384
1234 128 0 10.03.2025 23:54:30 20 127 0 13.114 290 1 0 247 384
1234 129 0 10.03.2025 23:54:30 20 127 0 13.114 290 1 0 247 384
1234 130 0 10.03.2025 23:54:30 20 127 0 13.114 290 1 0 247 384
1234 131 0 10.03.2025 23:54:30 20 127 0 13.114 290 1 0 247 384
1234 132 0 10.03.2025 23:54:30 20 127 0 13.114 290 1 0 247 384
1234 133 0 10.03.2025 23:54:30 20 127 0 13.114 290 1 0 247 384
1234 134 0 10.03.2025 23:54:30 20 127 0 13.114 290 1 0 247 384
1234 135 0 10.03.2025 23:54:30 20 127 0 13.114 290 1 0 247 384
1234 136 0 10.03.2025 23:54:30 20 127 0 13.114 290 1 0 247 384
1234 137 0 10.03.2025 23:54:30 20 127 0 13.114 290 1 0 247 384
1234 138 0 10.03.2025 23:54:30 20 127 0 13.114 290 1 0 247 384
1234 139 0 10.03.2025 23:54:30 20 127 0 13.114 290 1 0 247 384
1234 140 0 10.03.2025 23:54:30 20 127 0 13.114 290 1 0 247 384
1234 141 0 10.03.2025 23:54:30 20 127 0 13.114 290 1 0 247 384
1234 142 0 10.03.2025 23:54:30 20 127 0 13.114 290 1 0 247 384
1234 143 0 10.03.2025 23:54:30 20 127 0 13.114 290 1 0 247 384
1234 144 0 10.03.2025 23:54:30 20 127 0 13.114 290 1 0 247 384
1234 145 0 10.03.2025 23:54:30 20 127 0 13.114 290 1 0 247 384
1234 146 0 10.03.2025 23:54:30 20 127 0 13.114 290 1 0 247 384
1234 147 0 10.03.2025 23:54:30 20 127 0 13.114 290 1 0 247 384
1234 148 0 10.03.2025 23:54:30 20 127 0 13.114 290 1 0 247 384
1234 149 0 10.03.2025 23:54:30 20 127 0 13.114 290 1 0 247 384
1234 150 0 10.03.2025 23:54:30 20 127 0 13.114 290 1 0 247 384
1234 151 0 10.03.2025 23:54:30 20 127 0 13.114 290 1 0 247 384
1234 152 0 10.03.2025 23:54:30 20 127 0 13.114 290 1 0 247 384
1234 153 0 10.03.2025 23:54:30 20 127 0 13.114 290 1 0 247 384
1234 154 0 10.03.2025 23:54:30 20 127 0 13.114 290 1 0 247 384
1234 155 0 10.03.2025 23:54:30 20 127 0 13.114 290 1 0 247 384
1234 156 0 10.03.2025 23:54:30 20 127 0 13.114 290 1 0 247 384
1234 157 0 10.03.2025 23:54:30 20 127 0 13.114 290 1 0 247 384
1234 158 0 10.03.2025 23:54:30 20 127 0 13.114 290 1 0 247 384
1234 159 0 10.03.2025 23:54:30 20 127 0 13.114 290 1 0 247 384
1234 160 0 10.03.2025 23:54:30 20 127 0 13.114 290 1 0 247 384
1234 161 0 10.03.2025 23:54:30 20 127 0 13.114 290 1 0 247 384
1234 162 0 10.03.2025 23:54:30 20 127 0 13.114 290 1 0 247 384
1234 163 0 10.03.2025 23:54:30 20 127 0 13.114 290 1 0 247 384
1234 164 0 10.03.2025 23:54:30 20 127 0 13.114 290 1 0 247 384
1234 165 0 10.03.2025 23:54:30 20 127 0 13.114 290 1 0 247 384
1234 166 0 10.03.2025 23:54:30 20 127 0 13.114 290 1 0 247 384
1234 167 0 10.03.2025 23:54:30 20 127 0 13.114 290 1 0 247 384
1234 168 0 10.03.2025 23:54:30 20 127 0 13.114 290 1 0 247 384
1234 169 0 10.03.2025 23:54:30 20 127 0 13.114 290 1 0 247 384
1234 170 0 10.03.2025 23:54:30 20 127 0 13.114 290 1 0 247 384
1234 171 0 10.03.2025 23:54:30 20 127 0 13.114 290 1 0 247 384
1234 172 0 10.03.2025 23:54:30 20 127 0 13.114 290 1 0 247 384
1234 173 0 10.03.2025 23:54:30 20 127 0 13.114 290 1 0 247 384
1234 174 0 10.03.2025 23:54:30 20 127 0 13.114 290 1 0 247 384
1234 175 0 10.03.2025 23:54:30 20 127 0 13.114 290 1 0 247 384
1234 176 0 10.03.2025 23:54:30 20 127 0 13.114 290 1 0 247 384
1234 177 0 10.03.2025 23:54:30 20 127 0 13.114 290 1 0 247 384
1234 178 0 10.03.2025 23:54:30 20 127 0 13.114 290 1 0 247 384
1234 179 0 10.03.2025 23:54:30 20 127 0 13.114 290 1 0 247 384
1234 180 0 10.03.2025 23:54:30 20 127 0 13.114 290 1 0 247 384
1234 181 0 10.03.2025 23:54:30 20 127 0 13.114 290 1 0 247 384
1234 182 0 10.03.2025 23:54:30 20 127 0 13.114 290 1 0 247 384
1234 183 0 10.03.2025 23:54:30 20 127 0 13.114 290 1 0 247 384
1234 184 0 10.03.2025 23:54:30 20 127 0 13.114 290 1 0 247 384
1234 185 0 10.03.2025 23:54:30 20 127 0 13.114 290 1 0 247 384
1234 186 0 10.03.2025 23:54:30 20 127 0 13.114 290 1 0 247 384
1234 187 0 10.03.2025 23:54:30 20 127 0 13.114 290 1 0 247 384
1234 188 0 10.03.2025 23:54:30 20 127 0 13.114 290 1 0 247 384
1234 189 0 10.03.2025 23:54:30 20 127 0 13.114 290 1 0 247 384
1234 190 0 10.03.2025 23:54:30 20 127 0 13.114 290 1 0 247 384
1234 191 0 10.03.2025 23:54:30 20 127 0 13.114 290 1 0 247 384
1234 192 0 10.03.2025 23:54:30 20 127 0 13.114 290 1 0 247 384
1234 193 0 10.03.2025 23:54:30 20 127 0 13.114 290 1 0 247 384
1234 194 0 10.03.2025 23:54:30 20 127 0 13.114 290 1 0 247 384
1234 195 0 10.03.2025 23:54:30 20 127 0 13.114 290 1 0 247 384
1234 196 0 10.03.2025 23:54:30 20 127 0 13.114 290 1 0 247 384
1234 197 0 10.03.2025 23:54:30 20 127 0 13.114 290 1 0 247 384
1234 198 0 10.03.2025 23:54:30 20 127 0 13.114 290 1 0 247 384
1234 199 0 10.03.2025 23:54:30 20 127 0 13.114 290 1 0 247 384
1234 200 0 10.03.2025 23:54:30 20 127 0 13.114 290 1 0 247 384
1234 201 0 10.03.2025 23:54:30 20 127 0 13.114 290 1 0 247 384
1234 202 0 10.03.2025 23:54:30 20 127 0 13.114 290 1 0 247 384
1234 203 0 10.03.2025 23:54:30 20 127 0 13.114 290 1 0 247 384
1234 204 0 10.03.2025 23:54:30 20 127 0 13.114 290 1 0 247 384
1234 205 0 10.03.2025 23:54:30 20 127 0 13.114 290 1 0 247 384
1234 206 0 10.03.2025 23:54:30 20 127 0 13.114 290 1 0 247 384
1234 207 0 10.03.2025 23:54:30 20 127 0 13.114 290 1 0 247 384
1234 208 0 10.03.2025 23:54:30 20 127 0 13.114 290 1 0 247 384
1234 209 0 10.03.2025 23:54:30 20 127 0 13.114 290 1 0 247 384
1234 210 0 10.03.2025 23:54:30 20 127 0 13.114 290 1 0 247 384
1234 211 0 10.03.2025 23:54:30 20 127 0 13.114 290 1 0 247 384
1234 212 0 10.03.2025 23:54:30 20 127 0 13.114 290 1 0 247 384
1234 213 0 10.03.2025 23:54:30 20 127 0 13.114 290 1 0 247 384
1234 214 0 10.03.2025 23:54:30 20 127 0 13.114 290 1 0 247 384
1234 215 0 10.03.2025 23:54:30 20 127 0 13.114 290 1 0 247 384
1234 216 0 10.03.2025 23:54:30 20 127 0 13.114 290 1 0 247 384
1234 217 0 10.03.2025 23:54:30 20 127 0 13.114 290 1 0 247 384
1234 218 0 10.03.2025 23:54:30 20 127 0 13.114 290 1 0 247 384
1234 219 0 10.03.2025 23:54:30 20 127 0 13.114 290 1 0 247 384
1234 220 0 10.03.2025 23:54:30 20 127 0 13.114 290 1 0 247 384
1234 221 0 10.03.2025 23:54:30 20 127 0 13.114 290 1 0 247 384
1234 222 0 10.03.2025 23:54:30 20 127 0 13.114 290 1 0 247 384
1234 223 0 10.03.2025 23:54:30 20 127 0 13.114 290 1 0 247 384
1234 224 0 10.03.2025 23:54:30 20 127 0 13.114 290 1 0 247 384
1234 225 0 10.03.2025 23:54:30 20 127 0 13.114 290 1 0 247 384
1234 226 0 10.03.2025 23:54:30 20 127 0 13.114 290 1 0 247 384
1234 227 0 10.03.2025 23:54:30 20 127 0 13.114 290 1 0 247 384
1234 228 0 10.03.2025 23:54:30 20 127 0 13.114 290 1 0 247 384
1234 229 0 10.03.2025 23:54:30 20 127 0 13.114 290 1 0 247 384
1234 230 0 10.03.2025 23:54:30 20 127 0 13.114 290 1 0 247 384
1234 231 0 10.03.2025 23:54:30 20 127 0 13.114 290 1 0 247 384
1234 232 0 10.03.2025 23:54:30 20 127 0 13.114 290 1 0 247 384
1234 233 0 10.03.2025 23:54:30 20 127 0 13.114 290 1 0 247 384
1234 234 0 10.03.2025 23:54:30 20 127 0 13.114 290 1 0 247 384
1234 235 0 10.03.2025 23:54:30 20 127 0 13.114 290 1 0 247 384
1234 236 0 10.03.2025 23:54:30 20 127 0 13.114 290 1 0 247 384
1234 237 0 10.03.2025 23:54:30 20 127 0 13.114 290 1 0 247 384
1234 238 0 10.03.2025 23:54:30 20 127 0 13.114 290 1 0 247 384
1234 239 0 10.03.2025 23:54:30 20 127 0 13.114 290 1 0 247 384
1234 240 0 10.03.2025 23:54:30 20 127 0 13.114 290 1 0 247 384
1234 241 0 10.03.2025 23:54:30 20 127 0 13.114 290 1 0 247 384
1234 242 0 10.03.2025 23:54:30 20 127 0 13.114 290 1 0 247 384
1234 243 0 10.03.2025 23:54:30 20 127 0 13.114 290 1 0 247 384
1234 244 0 10.03.2025 23:54:30 20 127 0 13.114 290 1 0 247 384
1234 245 0 10.03.2025 23:54:30 20 127 0 13.114 290 1 0 247 384
1234 246 0 10.03.2025 23:54:30 20 127 0 13.114 290 1 0 247 384
1234 247 0 10.03.2025 23:54:30 20 127 0 13.114 290 1 0 247 384
1234 248 0 10.03.2025 23:54:30 20 127 0 13.114 290 1 0 247 384
1234 249 0 10.03.2025 23:54:30 20 127 0 13.114 290 1 0 247 384
1234 250 0 10.03.2025 23:54:30 20 127 0 13.114 290 1 0 247 384
1234 251 0 10.03.2025 23:54:30 20 127 0 13.114 290 1 0 247 384
1234 252 0 10.03.2025 23:54:30 20 127 0 13.114 290 1 0 247 384
1234 253 0 10.03.2025 23:54:30 20 127 0 13.114 290 1 0 247 384
1234 254 0 10.03.2025 23:54:30 20 127 0 13.114 290 1 0 247 384
1234 255 0 10.03.2025 23:54:30 20 127 0 13.114 290 1 0 247 384
1234 256 0 10.03.2025 23:54:30 20 127 0 13.114 290 1 0 247 384
1234 257 0 10.03.2025 23:54:30 20 127 0 13.114 290 1 0 247 384
1234 258 0 10.03.2025 23:54:30 20 127 0 13.114 290 1 0 247 384
1234 259 0 10.03.2025 23:54:30 20 127 0 13.114 290 1 0 247 384
1234 260 0 10.03.2025 23:54:30 20 127 0 13.114 290 1 0 247 384
1234 261 0 10.03.2025 23:54:30 20 127 0 13.114 290 1 0 247 384
1234 262 0 10.03.2025 23:54:30 20 127 0 13.114 290 1 0 247 384
1234 263 0 10.03.2025 23:54:30 20 127 0 13.114 290 1 0 247 384
1234 264 0 10.03.2025 23:54:30 20 127 0 13.114 290 1 0 247 384
1234 265 0 10.03.2025 23:54:30 20 127 0 13.114 290 1 0 247 384
1234 266 0 10.03.2025 23:54:30 20 127 0 13.114 290 1 0 247 384
1234 267 0 10.03.2025 23:54:30 20 127 0 13.114 290 1 0 247 384
1234 268 0 10.03.2025 23:54:30 20 127 0 13.114 290 1 0 247 384
1234 269 0 10.03.2025 23:54:30 20 127 0 13.114 290 1 0 247 384
1234 270 0 10.03.2025 23:54:30 20 127 0 13.114 290 1 0 247 384
1234 271 0 10.03.2025 23:54:30 20 127 0 13.114 290 1 0 247 384
1234 272 0 10.03.2025 23:54:30 20 127 0 13.114 290 1 0 247 384
1234 273 0 10.03.2025 23:54:30 20 127 0 13.114 290 1 0 247 384
1234 274 0 10.03.2025 23:54:30 20 127 0 13.114 290 1 0 247 384
1234 275 0 10.03.2025 23:54:30 20 127 0 13.114 290 1 0 247 384
1234 276 0 10.03.2025 23:54:30 20 127 0 13.114 290 1 0 247 384
1234 277 0 10.03.2025 23:54:30 20 127 0 13.114 290 1 0 247 384
1234 278 0 10.03.2025 23:54:30 20 127 0 13.114 290 1 0 247 384
1234 279 0 10.03.2025 23:54:30 20 127 0 13.114 290 1 0 247 384
1234 280 0 10.03.2025 23:54:30 20 127 0 13.114 290 1 0 247 384
1234 281 0 10.03.2025 23:54:30 20 127 0 13.114 290 1 0 247 384
1234 282 0 10.03.2025 23:54:30 20 127 0 13.114 290 1 0 247 384
1234 283 0 10.03.2025 23:54:30 20 127 0 13.114 290 1 0 247 384
1234 284 0 10.03.2025 23:54:30 20 127 0 13.114 290 1 0 247 384
1234 285 0 10.03.2025 23:54:30 20 127 0 13.114 290 1 0 247 384
1234 286 0 10.03.2025 23:54:30 20 127 0 13.114 290 1 0 247 384
1234 287 0 10.03.2025 23:54:30 20 127 0 13.114 290 1 0 247 384
1234 288 0 10.03.2025 23:54:30 20 127 0 13.114 290 1 0 247 384
1234 289 0 10.03.2025 23:54:30 20 127 0 13.114 290 1 0 247 384
1234 290 0 10.03.2025 23:54:30 20 127 0 13.114 290 1 0 247 384
1234 291 0 10.03.2025 23:54:30 20 127 0 13.114 290 1 0 247 384
1234 292 0 10.03.2025 23:54:30 20 127 0 13.114 290 1 0 247 384
1234 293 0 10.03.2025 23:54:30 20 127 0 13.114 290 1 0 247 384
1234 294 0 10.03.2025 23:54:30 20 127 0 13.114 290 1 0 247 384
1234 295 0 10.03.2025 23:54:30 20 127 0 13.114 290 1 0 247 384
1234 296 0 10.03.2025 23:54:30 20 127 0 13.114 290 1 0 247 384
1234 297 0 10.03.2025 23:54:30 20 127 0 13.114 290 1 0 247 384
1234 298 0 10.03.2025 23:54:30 20 127 0 13.114 290 1 0 247 384
1234 299 0 10.03.2025 23:54:30 20 127 0 13.114 290 1 0 247 384
1234 300 0 10.03.2025 23:54:30 20 127 0 13.114 290 1 0 247 384
1234 301 0 10.03.2025 23:54:30 20 127 0 13.114 290 1 0 247 384
1234 302 0 10.03.2025 23:54:30 20 127 0 13.114 290 1 0 247 384
1234 303 0 10.03.2025 23:54:30 20 127 0 13.114 290 1 0 247 384
1234 304 0 10.03.2025 23:54:30 20 127 0 13.114 290 1 0 247 384
1234 305 0 10.03.2025 23:54:30 20 127 0 13.114 290 1 0 247 384
1234 306 0 10.03.2025 23:54:30 20 127 0 13.114 290 1 0 247 384
1234 307 0 10.03.2025 23:54:30 20 127 0 13.114 290 1 0 247 384
1234 308 0 10.03.2025 23:54:30 20 127 0 13.114 290 1 0 247 384
1234 309 0 10.03.2025 23:54:30 20 127 0 13.114 290 1 0 247 384
1234 310 0 10.03.2025 23:54:30 20 127 0 13.114 290 1 0 247 384
1234 311 0 10.03.2025 23:54:30 20 127 0 13.114 290 1 0 247 384
1234 312 0 10.03.2025 23:54:30 20 127 0 13.114 290 1 0 247 384
1234 313 0 10.03.2025 23:54:30 20 127 0 13.114 290 1 0 247 384
1234 314 0 10.03.2025 23:54:30 20 127 0 13.114 290 1 0 247 384
1234 315 0 10.03.2025 23:54:30 20 127 0 13.114 290 1 0 247 384
1234 316 0 10.03.2025 23:54:30 20 127 0 13.114 290 1 0 247 384
1234 317 0 10.03.2025 23:54:30 20 127 0 13.114 290 1 0 247 384
1234 318 0 10.03.2025 23:54:30 20 127 0 13.114 290 1 0 247 384
1234 319 0 10.03.2025 23:54:30 20 127 0 13.114 290 1 0 247 384
1234 320 0 10.03.2025 23:54:30 20 127 0 13.114 290 1 0 247 384
1234 321 0 10.03.2025 23:54:30 20 127 0 13.114 290 1 0 247 384
1234 322 0 10.03.2025 23:54:30 20 127 0 13.114 290 1 0 247 384
1234 323 0 10.03.2025 23:54:30 20 127 0 13.114 290 1 0 247 384
1234 324 0 10.03.2025 23:54:30 20 127 0 13.114 290 1 0 247 384
1234 325 0 10.03.2025 23:54:30 20 127 0 13.114 290 1 0 247 384
1234 326 0 10.03.2025 23:54:30 20 127 0 13.114 290 1 0 247 384
1234 327 0 10.03.2025 23:54:30 20 127 0 13.114 290 1 0 247 384
1234 328 0 10.03.2025 23:54:30 20 127 0 13.114 290 1 0 247 384
1234 329 0 10.03.2025 23:54:30 20 127 0 13.114 290 1 0 247 384
1234 330 0 10.03.2025 23:54:30 20 127 0 13.114 290 1 0 247 384
1234 331 0 10.03.2025 23:54:30 20 127 0 13.114 290 1 0 247 384
1234 332 0 10.03.2025 23:54:30 20 127 0 13.114 290 1 0 247 384
1234 333 0 10.03.2025 23:54:30 20 127 0 13.114 290 1 0 247 384
1234 334 0 10.03.2025 23:54:30 20 127 0 13.114 290 1 0 247 384
1234 335 0 10.03.2025 23:54:30 20 127 0 13.114 290 1 0 247 384
1234 336 0 10.03.2025 23:54:30 20 127 0 13.114 290 1 0 247 384
1234 337 0 10.03.2025 23:54:30 20 127 0 13.114 290 1 0 247 384
1234 338 0 10.03.2025 23:54:30 20 127 0 13.114 290 1 0 247 384
1234 339 0 10.03.2025 23:54:30 20 127 0 13.114 290 1 0 247 384
1234 340 0 10.03.2025 23:54:30 20 127 0 13.114 290 1 0 247 384
1234 341 0 10.03.2025 23:54:30 20 127 0 13.114 290 1 0 247 384
1234 342 0 10.03.2025 23:54:30 20 127 0 13.114 290 1 0 247 384
1234 343 0 10.03.2025 23:54:30 20 127 0 13.114 290 1 0 247 384
1234 344 0 10.03.2025 23:54:30 20 127 0 13.114 290 1 0 247 384
1234 345 0 10.03.2025 23:54:30 20 127 0 13.114 290 1 0 247 384
1234 346 0 10.03.2025 23:54:30 20 127 0 13.114 290 1 0 247 384
1234 347 0 10.03.2025 23:54:30 20 127 0 13.114 290 1 0 247 384
1234 348 0 10.03.2025 23:54:30 20 127 0 13.114 290 1 0 247 384
1234 349 0 10.03.2025 23:54:30 20 127 0 13.114 290 1 0 247 384
1234 350 0 10.03.2025 23:54:30 20 127 0 13.114 290 1 0 247 384
1234 351 0 10.03.2025 23:54:30 20 127 0 13.114 290 1 0 247 384
1234 352 0 10.03.2025 23:54:30 20 127 0 13.114 290 1 0 247 384
1234 353 0 10.03.2025 23:54:30 20 127 0 13.114 290 1 0 247 384
1234 354 0 10.03.2025 23:54:30 20 127 0 13.114 290 1 0 247 384
1234 355 0 10.03.2025 23:54:30 20 127 0 13.114 290 1 0 247 384
1234 356 0 10.03.2025 23:54:30 20 127 0 13.114 290 1 0 247 384
1234 357 0 10.03.2025 23:54:30 20 127 0 13.114 290 1 0 247 384
1234 358 0 10.03.2025 23:54:30 20 127 0 13.114 290 1 0 247 384
1234 359 0 10.03.2025 23:54:30 20 127 0 13.114 290 1 0 247 384
1234 360 0 10.03.2025 23:54:30 20 127 0 13.114 290 1 0 247 384
1234 361 0 10.03.2025 23:54:30 20 127 0 13.114 290 1 0 247 384
1234 362 0 10.03.2025 23:54:30 20 127 0 13.114 290 1 0 247 384
1234 363 0 10.03.2025 23:54:30 20 127 0 13.114 290 1 0 247 384
1234 364 0 10.03.2025 23:54:30 20 127 0 13.114 290 1 0 247 384
1234 365 0 10.03.2025 23:54:30 20 127 0 13.114 290 1 0 247 384
1234 366 0 10.03.2025 23:54:30 20 127 0 13.114 290 1 0 247 384
1234 367 0 10.03.2025 23:54:30 20 127 0 13.114 290 1 0 247 384
1234 368 0 10.03.2025 23:54:30 20 127 0 13.114 290 1 0 247 384
1234 369 0 10.03.2025 23:54:30 20 127 0 13.114 290 1 0 247 384
1234 370 0 10.03.2025 23:54:30 20 127 0 13.114 290 1 0 247 384
1234 371 0 10.03.2025 23:54:30 20 127 0 13.114 290 1 0 247 384
1234 372 0 10.03.2025 23:54:30 20 127 0 13.114 290 1 0 247 384
1234 373 0 10.03.2025 23:54:30 20 127 0 13.114 290 1 0 247 384
1234 374 0 10.03.2025 23:54:30 20 127 0 13.114 290 1 0 247 384
1234 375 0 10.03.2025 23:54:30 20 127 0 13.114 290 1 0 247 384
1234 376 0 10.03.2025 23:54:30 20 127 0 13.114 290 1 0 247 384
1234 377 0 10.03.2025 23:54:30 20 127 0 13.114 290 1 0 247 384
1234 378 0 10.03.2025 23:54:30 20 127 0 13.114 290 1 0 247 384
1234 379 0 10.03.2025 23:54:30 20 127 0 13.114 290 1 0 247 384
1234 380 0 10.03.2025 23:54:30 20 127 0 13.114 290 1 0 247 384
1234 381 0 10.03.2025 23:54:30 20 127 0 13.114 290 1 0 247 384
1234 382 0 10.03.2025 23:54:30 20 127 0 13.114 290 1 0 247 384
1234 383 0 10.03.2025 23:54:30 20 127 0 13.114 290 1 0 247 384
1234 384 0 10.03.2025 23:54:30 20 127 0 13.114 290 1 0 247 384
1234 385 0 10.03.2025 23:54:30 20 127 0 13.114 290 1 0 247 384
1234 386 0 10.03.2025 23:54:30 20 127 0 13.114 290 1 0 247 384
1234 387 0 10.03.2025 23:54:30 20 127 0 13.114 290 1 0 247 384
1234 388 0 10.03.2025 23:54:30 20 127 0 13.114 290 1 0 247 384
1234 389 0 10.03.2025 23:54:30 20 127 0 13.114 290 1 0 247 384
1234 390 0 10.03.2025 23:54:30 20 127 0 13.114 290 1 0 247 384
1234 391 0 10.03.2025 23:54:30 20 127 0 13.114 290 1 0 247 384
1234 392 0 10.03.2025 23:54:30 20 127 0 13.114 290 1 0 247 384
1234 393 0 10.03.2025 23:54:30 20 127 0 13.114 290 1 0 247 384
1234 394 0 10.03.2025 23:54:30 20 127 0 13.114 290 1 0 247 384
1234 395 0 10.03.2025 23:54:30 20 127 0 13.114 290 1 0 247 384
1234 396 0 10.03.2025 23:54:30 20 127 0 13.114 290 1 0 247 384
1234 397 0 10.03.2025 23:54:30 20 127 0 13.114 290 1 0 247 384
1234 398 0 10.03.2025 23:54:30 20 127 0 13.114 290 1 0 247 384
1234 399 0 10.03.2025 23:54:30 20 127 0 13.114 290 1 0 247 384
1234 400 0 10.03.2025 23:54:30 20 127 0 13.114 290 1 0 247 384
1234 401 0 10.03.2025 23:54:30 20 127 0 13.114 290 1 0 247 384
1234 402 0 10.03.2025 23:54:30 20 127 0 13.114 290 1 0 247 384
1234 403 0 10.03.2025 23:54:30 20 127 0 13.114 290 1 0 247 384
1234 404 0 10.03.2025 23:54:30 20 127 0 13.114 290 1 0 247 384
1234 405 0 10.03.2025 23:54:30 20 127 0 13.114 290 1 0 247 384
1234 406 0 10.03.2025 23:54:30 20 127 0 13.114 290 1 0 247 384
1234 407 0 10.03.2025 23:54:30 20 127 0 13.114 290 1 0 247 384
1234 408 0 10.03.2025 23:54:30 20 127 0 13.114 290 1 0 247 384
1234 409 0 10.03.2025 23:54:30 20 127 0 13.114 290 1 0 247 384
1234 410 0 10.03.2025 23:54:30 20 127 0 13.114 290 1 0 247 384
1234 411 0 10.03.2025 23:54:30 20 127 0 13.114 290 1 0 247 384
1234 412 0 10.03.2025 23:54:30 20 127 0 13.114 290 1 0 247 384
1234 413 0 10.03.2025 23:54:30 20 127 0 13.114 290 1 0 247 384
1234 414 0 10.03.2025 23:54:30 20 127 0 13.114 290 1 0 247 384
1234 415 0 10.03.2025 23:54:30 20 127 0 13.114 290 1 0 247 384
1234 416 0 10.03.2025 23:54:30 20 127 0 13.114 290 1 0 247 384
1234 417 0 10.03.2025 23:54:30 20 127 0 13.114 290 1 0 247 384
1234 418 0 10.03.2025 23:54:30 20 127 0 13.114 290 1 0 247 384
1234 419 0 10.03.2025 23:54:30 20 127 0 13.114 290 1 0 247 384
1234 420 0 10.03.2025 23:54:30 20 127 0 13.114 290 1 0 247 384
1234 421 0 10.03.2025 23:54:30 20 127 0 13.114 290 1 0 247 384
1234 422 0 10.03.2025 23:54:30 20 127 0 13.114 290 1 0 247 384
1234 423 0 10.03.2025 23:54:30 20 127 0 13.114 290 1 0 247 384
1234 424 0 10.03.2025 23:54:30 20 127 0 13.114 290 1 0 247 384
1234 425 0 10.03.2025 23:54:30 20 127 0 13.114 290 1 0 247 384
1234 426 0 10.03.2025 23:54:30 20 127 0 13.114 290 1 0 247 384
1234 427 0 10.03.2025 23:54:30 20 127 0 13.114 290 1 0 247 384
1234 428 0 10.03.2025 23:54:30 20 127 0 13.114 290 1 0 247 384
1234 429 0 10.03.2025 23:54:30 20 127 0 13.114 290 1 0 247 384
1234 430 0 10.03.2025 23:54:30 20 127 0 13.114 290 1 0 247 384
1234 431 0 10.03.2025 23:54:30 20 127 0 13.114 290 1 0 247 384
1234 432 0 10.03.2025 23:54:30 20 127 0 13.114 290 1 0 247 384
1234 433 0 10.03.2025 23:54:30 20 127 0 13.114 290 1 0 247 384
1234 434 0 10.03.2025 23:54:30 20 127 0 13.114 290 1 0 247 384
1234 435 0 10.03.2025 23:54:30 20 127 0 13.114 290 1 0 247 384
1234 436 0 10.03.2025 23:54:30 20 127 0 13.114 290 1 0 247 384
1234 437 0 10.03.2025 23:54:30 20 127 0 13.114 290 1 0 247 384
1234 438 0 10.03.2025 23:54:30 20 127 0 13.114 290 1 0 247 384
1234 439 0 10.03.2025 23:54:30 20 127 0 13.114 290 1 0 247 384
1234 440 0 10.03.2025 23:54:30 20 127 0 13.114 290 1 0 247 384
1234 441 0 10.03.2025 23:54:30 20 127 0 13.114 290 1 0 247 384
1234 442 0 10.03.2025 23:54:30 20 127 0 13.114 290 1 0 247 384
1234 443 0 10.03.2025 23:54:30 20 127 0 13.114 290 1 0 247 384
1234 444 0 10.03.2025 23:54:30 20 127 0 13.114 290 1 0 247 384
1234 445 0 10.03.2025 23:54:30 20 127 0 13.114 290 1 0 247 384
1234 446 0 10.03.2025 23:54:30 20 127 0 13.114 290 1 0 247 384
1234 447 0 10.03.2025 23:54:30 20 127 0 13.114 290 1 0 247 384
1234 448 0 10.03.2025 23:54:30 20 127 0 13.114 290 1 0 247 384
1234 449 0 10.03.2025 23:54:30 20 127 0 13.114 290 1 0 247 384
1234 450 0 10.03.2025 23:54:30 20 127 0 13.114 290 1 0 247 384
1234 451 0 10.03.2025 23:54:30 20 127 0 13.114 290 1 0 247 384
1234 452 0 10.03.2025 23:54:30 20 127 0 13.114 290 1 0 247 384
1234 453 0 10.03.2025 23:54:30 20 127 0 13.114 290 1 0 247 384
1234 454 0 10.03.2025 23:54:30 20 127 0 13.114 290 1 0 247 384
1234 455 0 10.03.2025 23:54:30 20 127 0 13.114 290 1 0 247 384
1234 456 0 10.03.2025 23:54:30 20 127 0 13.114 290 1 0 247 384
1234 457 0 10.03.2025 23:54:30 20 127 0 13.114 290 1 0 247 384
1234 458 0 10.03.2025 23:54:30 20 127 0 13.114 290 1 0 247 384
1234 459 0 10.03.2025 23:54:30 20 127 0 13.114 290 1 0 247 384
1234 460 0 10.03.2025 23:54:30 20 127 0 13.114 290 1 0 247 384
1234 461 0 10.03.2025 23:54:30 20 127 0 13.114 290 1 0 247 384
1234 462 0 10.03.2025 23:54:30 20 127 0 13.114 290 1 0 247 384
1234 463 0 10.03.2025 23:54:30 20 127 0 13.114 290 1 0 247 384
1234 464 0 10.03.2025 23:54:30 20 127 0 13.114 290 1 0 247 384
1234 465 0 10.03.2025 23:54:30 20 127 0 13.114 290 1 0 247 384
1234 466 0 10.03.2025 23:54:30 20 127 0 13.114 290 1 0 247 384
1234 467 0 10.03.2025 23:54:30 20 127 0 13.114 290 1 0 247 384
1234 468 0 10.03.2025 23:54:30 20 127 0 13.114 290 1 0 247 384
1234 469 0 10.03.2025 23:54:30 20 127 0 13.114 290 1 0 247 384
1234 470 0 10.03.2025 23:54:30 20 127 0 13.114 290 1 0 247 384
1234 471 0 10.03.2025 23:54:30 20 127 0 13.114 290 1 0 247 384
1234 472 0 10.03.2025 23:54:30 20 127 0 13.114 290 1 0 247 384
1234 473 0 10.03.2025 23:54:30 20 127 0 13.114 290 1 0 247 384
1234 474 0 10.03.2025 23:54:30 20 127 0 13.114 290 1 0 247 384
1234 475 0 10.03.2025 23:54:30 20 127 0 13.114 290 1 0 247 384
1234 476 0 10.03.2025 23:54:30 20 127 0 13.114 290 1 0 247 384
1234 477 0 10.03.2025 23:54:30 20 127 0 13.114 290 1 0 247 384
1234 478 0 10.03.2025 23:54:30 20 127 0 13.114 290 1 0 247 384
1234 479 0 10.03.2025 23:54:30 20 127 0 13.114 290 1 0 247 384
1234 480 0 10.03.2025 23:54:30 20 127 0 13.114 290 1 0 247 384
1234 481 0 10.03.2025 23:54:30 20 127 0 13.114 290 1 0 247 384
1234 482 0 10.03.2025 23:54:30 20 127 0 13.114 290 1 0 247 384
1234 483 0 10.03.2025 23:54:30 20 127 0 13.114 290 1 0 247 384
1234 484 0 10.03.2025 23:54:30 20 127 0 13.114 290 1 0 247 384
1234 485 0 10.03.2025 23:54:30 20 127 0 13.114 290 1 0 247 384
1234 486 0 10.03.2025 23:54:30 20 127 0 13.114 290 1 0 247 384
1234 487 0 10.03.2025 23:54:30 20 127 0 13.114 290 1 0 247 384
1234 488 0 10.03.2025 23:54:30 20 127 0 13.114 290 1 0 247 384
1234 489 0 10.03.2025 23:54:30 20 127 0 13.114 290 1 0 247 384
1234 490 0 10.03.2025 23:54:30 20 127 0 13.114 290 1 0 247 384
1234 491 0 10.03.2025 23:54:30 20 127 0 13.114 290 1 0 247 384
1234 492 0 10.03.2025 23:54:30 20 127 0 13.114 290 1 0 247 384
1234 493 0 10.03.2025 23:54:30 20 127 0 13.114 290 1 0 247 384
1234 494 0 10.03.2025 23:54:30 20 127 0 13.114 290 1 0 247 384
1234 495 0 10.03.2025 23:54:30 20 127 0 13.114 290 1 0 247 384
1234 496 0 10.03.2025 23:54:30 20 127 0 13.114 290 1 0 247 384
1234 497 0 10.03.2025 23:54:30 20 127 0 13.114 290 1 0 247 384
1234 498 0 10.03.2025 23:54:30 20 127 0 13.114 290 1 0 247 384
1234 499 0 10.03.2025 23:54:30 20 127 0 13.114 290 1 0 247 384
1234 500 0 10.03.2025 23:54:30 20 127 0 13.114 290 1 0 247 384
1234 501 0 10.03.2025 23:54:30 20 127 0 13.114 290 1 0 247 384
1234 502 0 10.03.2025 23:54:30 20 127 0 13.114 290 1 0 247 384
1234 503 0 10.03.2025 23:54:30 20 127 0 13.114 290 1 0 247 384
1234 504 0 10.03.2025 23:54:30 20 127 0 13.114 290 1 0 247 384
1234 505 0 10.03.2025 23:54:30 20 127 0 13.114 290 1 0 247 384
1234 506 0 10.03.2025 23:54:30 20 127 0 13.114 290 1 0 247 384
1234 507 0 10.03.2025 23:54:30 20 127 0 13.114 290 1 0 247 384
1234 508 0 10.03.2025 23:54:30 20 127 0 13.114 290 1 0 247 384
1234 509 0 10.03.2025 23:54:30 20 127 0 13.114 290 1 0 247 384
1234 510 0 10.03.2025 23:54:30 20 127 0 13.114 290 1 0 247 384
1234 511 0 10.03.2025 23:54:30 20 127 0 13.114 290 1 0 247 384
1234 512 0 10.03.2025 23:54:30 20 127 0 13.114 290 1 0 247 384
1234 513 0 10.03.2025 23:54:30 20 127 0 13.114 290 1 0 247 384
1234 514 0 10.03.2025 23:54:30 20 127 0 13.114 290 1 0 247 384
1234 515 0 10.03.2025 23:54:30 20 127 0 13.114 290 1 0 247 384
1234 516 0 10.03.2025 23:54:30 20 127 0 13.114 290 1 0 247 384
1234 517 0 10.03.2025 23:54:30 20 127 0 13.114 290 1 0 247 384
1234 518 0 10.03.2025 23:54:30 20 127 0 13.114 290 1 0 247 384
1234 519 0 10.03.2025 23:54:30 20 127 0 13.114 290 1 0 247 384
1234 520 0 10.03.2025 23:54:30 20 127 0 13.114 290 1 0 247 384
1234 521 0 10.03.2025 23:54:30 20 127 0 13.114 290 1 0 247 384
1234 522 0 10.03.2025 23:54:30 20 127 0 13.114 290 1 0 247 384
1234 523 0 10.03.2025 23:54:30 20 127 0 13.114 290 1 0 247 384
1234 524 0 10.03.2025 23:54:30 20 127 0 13.114 290 1 0 247 384
1234 525 0 10.03.2025 23:54:30 20 127 0 13.114 290 1 0 247 384
1234 526 0 10.03.2025 23:54:30 20 127 0 13.114 290 1 0 247 384
1234 527 0 10.03.2025 23:54:30 20 127 0 13.114 290 1 0 247 384
1234 528 0 10.03.2025 23:54:30 20 127 0 13.114 290 1 0 247 384
1234 529 0 10.03.2025 23:54:30 20 127 0 13.114 290 1 0 247 384
1234 530 0 10.03.2025 23:54:30 20 127 0 13.114 290 1 0 247 384
1234 531 0 10.03.2025 23:54:30 20 127 0 13.114 290 1 0 247 384
1234 532 0 10.03.2025 23:54:30 20 127 0 13.114 290 1 0 247 384
1234 533 0 10.03.2025 23:54:30 20 127 0 13.114 290 1 0 247 384
1234 534 0 10.03.2025 23:54:30 20 127 0 13.114 290 1 0 247 384
1234 535 0 10.03.2025 23:54:30 20 127 0 13.114 290 1 0 247 384
1234 536 0 10.03.2025 23:54:30 20 127 0 13.114 290 1 0 247 384
1234 537 0 10.03.2025 23:54:30 20 127 0 13.114 290 1 0 247 384
1234 538 0 10.03.2025 23:54:30 20 127 0 13.114 290 1 0 247 384
1234 539 0 10.03.2025 23:54:30 20 127 0 13.114 290 1 0 247 384
1234 540 0 10.03.2025 23:54:30 20 127 0 13.114 290 1 0 247 384
1234 541 0 10.03.2025 23:54:30 20 127 0 13.114 290 1 0 247 384
1234 542 0 10.03.2025 23:54:30 20 127 0 13.114 290 1 0 247 384
1234 543 0 10.03.2025 23:54:30 20 127 0 13.114 290 1 0 247 384
1234 544 0 10.03.2025 23:54:30 20 127 0 13.114 290 1 0 247 384
1234 545 0 10.03.2025 23:54:30 20 127 0 13.114 290 1 0 247 384
1234 546 0 10.03.2025 23:54:30 20 127 0 13.114 290 1 0 247 384
1234 547 0 10.03.2025 23:54:30 20 127 0 13.114 290 1 0 247 384
1234 548 0 10.03.2025 23:54:30 20 127 0 13.114 290 1 0 247 384
1234 549 0 10.03.2025 23:54:30 20 127 0 13.114 290 1 0 247 384
1234 550 0 10.03.2025 23:54:30 20 127 0 13.114 290 1 0 247 384
1234 551 0 10.03.2025 23:54:30 20 127 0 13.114 290 1 0 247 384
1234 552 0 10.03.2025 23:54:30 20 127 0 13.114 290 1 0 247 384
1234 553 0 10.03.2025 23:54:30 20 127 0 13.114 290 1 0 247 384
1234 554 0 10.03.2025 23:54:30 20 127 0 13.114 290 1 0 247 384
1234 555 0 10.03.2025 23:54:30 20 127 0 13.114 290 1 0 247 384
1234 556 0 10.03.2025 23:54:30 20 127 0 13.114 290 1 0 247 384
1234 557 0 10.03.2025 23:54:30 20 127 0 13.114 290 1 0 247 384
1234 558 0 10.03.2025 23:54:30 20 127 0 13.114 290 1 0 247 384
1234 559 0 10.03.2025 23:54:30 20 127 0 13.114 290 1 0 247 384
1234 560 0 10.03.2025 23:54:30 20 127 0 13.114 290 1 0 247 384
1234 561 0 10.03.2025 23:54:30 20 127 0 13.114 290 1 0 247 384
1234 562 0 10.03.2025 23:54:30 20 127 0 13.114 290 1 0 247 384
1234 563 0 10.03.2025 23:54:30 20 127 0 13.114 290 1 0 247 384
1234 564 0 10.03.2025 23:54:30 20 127 0 13.114 290 1 0 247 384
1234 565 0 10.03.2025 23:54:30 20 127 0 13.114 290 1 0 247 384
1234 566 0 10.03.2025 23:54:30 20 127 0 13.114 290 1 0 247 384
1234 567 0 10.03.2025 23:54:30 20 127 0 13.114 290 1 0 247 384
1234 568 0 10.03.2025 23:54:30 20 127 0 13.114 290 1 0 247 384
1234 569 0 10.03.2025 23:54:30 20 127 0 13.114 290 1 0 247 384
1234 570 0 10.03.2025 23:54:30 20 127 0 13.114 290 1 0 247 384
1234 571 0 10.03.2025 23:54:30 20 127 0 13.114 290 1 0 247 384
1234 572 0 10.03.2025 23:54:30 20 127 0 13.114 290 1 0 247 384
1234 573 0 10.03.2025 23:54:30 20 127 0 13.114 290 1 0 247 384
1234 574 0 10.03.2025 23:54:30 20 127 0 13.114 290 1 0 247 384
1234 575 0 10.03.2025 23:54:30 20 127 0 13.114 290 1 0 247 384
1234 576 0 10.03.2025 23:54:30 20 127 0 13.114 290 1 0 247 384
1234 577 0 10.03.2025 23:54:30 20 127 0 13.114 290 1 0 247 384
1234 578 0 10.03.2025 23:54:30 20 127 0 13.114 290 1 0 247 384
1234 579 0 10.03.2025 23:54:30 20 127 0 13.114 290 1 0 247 384
1234 580 0 10.03.2025 23:54:30 20 127 0 13.114 290 1 0 247 384
1234 581 0 10.03.2025 23:54:30 20 127 0 13.114 290 1 0 247 384
1234 582 0 10.03.2025 23:54:30 20 127 0 13.114 290 1 0 247 384
1234 583 0 10.03.2025 23:54:30 20 127 0 13.114 290 1 0 247 384
1234 584 0 10.03.2025 23:54:30 20 127 0 13.114 290 1 0 247 384
1234 585 0 10.03.2025 23:54:30 20 127 0 13.114 290 1 0 247 384
1234 586 0 10.03.2025 23:54:30 20 127 0 13.114 290 1 0 247 384
1234 587 0 10.03.2025 23:54:30 20 127 0 13.114 290 1 0 247 384
1234 588 0 10.03.2025 23:54:30 20 127 0 13.114 290 1 0 247 384
1234 589 0 10.03.2025 23:54:30 20 127 0 13.114 290 1 0 247 384
1234 590 0 10.03.2025 23:54:30 20 127 0 13.114 290 1 0 247 384
1234 591 0 10.03.2025 23:54:30 20 127 0 13.114 290 1 0 247 384
1234 592 0 10.03.2025 23:54:30 20 127 0 13.114 290 1 0 247 384
1234 593 0 10.03.2025 23:54:30 20 127 0 13.114 290 1 0 247 384
1234 594 0 10.03.2025 23:54:30 20 127 0 13.114 290 1 0 247 384
1234 595 0 10.03.2025 23:54:30 20 127 0 13.114 290 1 0 247 384
1234 596 0 10.03.2025 23:54:30 20 127 0 13.114 290 1 0 247 384
1234 597 0 10.03.2025 23:54:30 20 127 0 13.114 290 1 0 247 384
1234 598 0 10.03.2025 23:54:30 20 127 0 13.114 290 1 0 247 384
1234 599 0 10.03.2025 23:54:30 20 127 0 13.114 290 1 0 247 384
1234 600 0 10.03.2025 23:54:30 20 127 0 13.114 290 1 0 247 384
1234 601 0 10.03.2025 23:54:30 20 127 0 13.114 290 1 0 247 384
1234 602 0 10.03.2025 23:54:30 20 127 0 13.114 290 1 0 247 384
1234 603 0 10.03.2025 23:54:30 20 127 0 13.114 290 1 0 247 384
1234 604 0 10.03.2025 23:54:30 20 127 0 13.114 290 1 0 247 384
1234 605 0 10.03.2025 23:54:30 20 127 0 13.114 290 1 0 247 384
1234 606 0 10.03.2025 23:54:30 20 127 0 13.114 290 1 0 247 384
1234 607 0 10.03.2025 23:54:30 20 127 0 13.114 290 1 0 247 384
1234 608 0 10.03.2025 23:54:30 20 127 0 13.114 290 1 0 247 384
1234 609 0 10.03.2025 23:54:30 20 127 0 13.114 290 1 0 247 384
1234 610 0 10.03.2025 23:54:30 20 127 0 13.114 290 1 0 247 384
1234 611 0 10.03.2025 23:54:30 20 127 0 13.114 290 1 0 247 384
1234 612 0 10.03.2025 23:54:30 20 127 0 13.114 290 1 0 247 384
1234 613 0 10.03.2025 23:54:30 20 127 0 13.114 290 1 0 247 384
1234 614 0 10.03.2025 23:54:30 20 127 0 13.114 290 1 0 247 384
1234 615 0 10.03.2025 23:54:30 20 127 0 13.114 290 1 0 247 384
1234 616 0 10.03.2025 23:54:30 20 127 0 13.114 290 1 0 247 384
1234 617 0 10.03.2025 23:54:30 20 127 0 13.114 290 1 0 247 384
1234 618 0 10.03.2025 23:54:30 20 127 0 13.114 290 1 0 247 384
1234 619 0 10.03.2025 23:54:30 20 127 0 13.114 290 1 0 247 384
1234 620 0 10.03.2025 23:54:30 20 127 0 13.114 290 1 0 247 384
1234 621 0 10.03.2025 23:54:30 20 127 0 13.114 290 1 0 247 384
1234 622 0 10.03.2025 23:54:30 20 127 0 13.114 290 1 0 247 384
1234 623 0 10.03.2025 23:54:30 20 127 0 13.114 290 1 0 247 384
1234 624 0 10.03.2025 23:54:30 20 127 0 13.114 290 1 0 247 384
1234 625 0 10.03.2025 23:54:30 20 127 0 13.114 290 1 0 247 384
1234 626 0 10.03.2025 23:54:30 20 127 0 13.114 290 1 0 247 384
1234 627 0 10.03.2025 23:54:30 20 127 0 13.114 290 1 0 247 384
1234 628 0 10.03.2025 23:54:30 20 127 0 13.114 290 1 0 247 384
1234 629 0 10.03.2025 23:54:30 20 127 0 13.114 290 1 0 247 384
1234 630 0 10.03.2025 23:54:30 20 127 0 13.114 290 1 0 247 384
1234 631 0 10.03.2025 23:54:30 20 127 0 13.114 290 1 0 247 384
1234 632 0 10.03.2025 23:54:30 20 127 0 13.114 290 1 0 247 384
1234 633 0 10.03.2025 23:54:30 20 127 0 13.114 290 1 0 247 384
1234 634 0 10.03.2025 23:54:30 20 127 0 13.114 290 1 0 247 384
1234 635 0 10.03.2025 23:54:30 20 127 0 13.114 290 1 0 247 384
1234 636 0 10.03.2025 23:54:30 20 127 0 13.114 290 1 0 247 384
1234 637 0 10.03.2025 23:54:30 20 127 0 13.114 290 1 0 247 384
1234 638 0 10.03.2025 23:54:30 20 127 0 13.114 290 1 0 247 384
1234 639 0 10.03.2025 23:54:30 20 127 0 13.114 290 1 0 247 384
1234 640 0 10.03.2025 23:54:30 20 127 0 13.114 290 1 0 247 384
1234 641 0 10.03.2025 23:54:30 20 127 0 13.114 290 1 0 247 384
1234 642 0 10.03.2025 23:54:30 20 127 0 13.114 290 1 0 247 384
1234 643 0 10.03.2025 23:54:30 20 127 0 13.114 290 1 0 247 384
1234 644 0 10.03.2025 23:54:30 20 127 0 13.114 290 1 0 247 384
1234 645 0 10.03.2025 23:54:30 20 127 0 13.114 290 1 0 247 384
1234 646 0 10.03.2025 23:54:30 20 127 0 13.114 290 1 0 247 384
1234 647 0 10.03.2025 23:54:30 20 127 0 13.114 290 1 0 247 384
1234 648 0 10.03.2025 23:54:30 20 127 0 13.114 290 1 0 247 384
1234 649 0 10.03.2025 23:54:30 20 127 0 13.114 290 1 0 247 384
1234 650 0 10.03.2025 23:54:30 20 127 0 13.114 290 1 0 247 384
1234 651 0 10.03.2025 23:54:30 20 127 0 13.114 290 1 0 247 384
1234 652 0 10.03.2025 23:54:30 20 127 0 13.114 290 1 0 247 384
1234 653 0 10.03.2025 23:54:30 20 127 0 13.114 290 1 0 247 384
1234 654 0 10.03.2025 23:54:30 20 127 0 13.114 290 1 0 247 384
1234 655 0 10.03.2025 23:54:30 20 127 0 13.114 290 1 0 247 384
1234 656 0 10.03.2025 23:54:30 20 127 0 13.114 290 1 0 247 384
1234 657 0 10.03.2025 23:54:30 20 127 0 13.114 290 1 0 247 384
1234 658 0 10.03.2025 23:54:30 20 127 0 13.114 290 1 0 247 384
1234 659 0 10.03.2025 23:54:30 20 127 0 13.114 290 1 0 247 384
1234 660 0 10.03.2025 23:54:30 20 127 0 13.114 290 1 0 247 384
1234 661 0 10.03.2025 23:54:30 20 127 0 13.114 290 1 0 247 384
1234 662 0 10.03.2025 23:54:30 20 127 0 13.114 290 1 0 247 384
1234 663 0 10.03.2025 23:54:30 20 127 0 13.114 290 1 0 247 384
1234 664 0 10.03.2025 23:54:30 20 127 0 13.114 290 1 0 247 384
1234 665 0 10.03.2025 23:54:30 20 127 0 13.114 290 1 0 247 384
1234 666 0 10.03.2025 23:54:30 20 127 0 13.114 290 1 0 247 384
1234 667 0 10.03.2025 23:54:30 20 127 0 13.114 290 1 0 247 384
1234 668 0 10.03.2025 23:54:30 20 127 0 13.114 290 1 0 247 384
1234 669 0 10.03.2025 23:54:30 20 127 0 13.114 290 1 0 247 384
1234 670 0 10.03.2025 23:54:30 20 127 0 13.114 290 1 0 247 384
1234 671 0 10.03.2025 23:54:30 20 127 0 13.114 290 1 0 247 384
1234 672 0 10.03.2025 23:54:30 20 127 0 13.114 290 1 0 247 384
1234 673 0 10.03.2025 23:54:30 20 127 0 13.114 290 1 0 247 384
1234 674 0 10.03.2025 23:54:30 20 127 0 13.114 290 1 0 247 384
1234 675 0 10.03.2025 23:54:30 20 127 0 13.114 290 1 0 247 384
1234 676 0 10.03.2025 23:54:30 20 127 0 13.114 290 1 0 247 384
1234 677 0 10.03.2025 23:54:30 20 127 0 13.114 290 1 0 247 384
1234 678 0 10.03.2025 23:54:30 20 127 0 13.114 290 1 0 247 384
1234 679 0 10.03.2025 23:54:30 20 127 0 13.114 290 1 0 247 384
1234 680 0 10.03.2025 23:54:30 20 127 0 13.114 290 1 0 247 384
1234 681 0 10.03.2025 23:54:30 20 127 0 13.114 290 1 0 247 384
1234 682 0 10.03.2025 23:54:30 20 127 0 13.114 290 1 0 247 384
1234 683 0 10.03.2025 23:54:30 20 127 0 13.114 290 1 0 247 384
1234 684 0 10.03.2025 23:54:30 20 127 0 13.114 290 1 0 247 384
1234 685 0 10.03.2025 23:54:30 20 127 0 13.114 290 1 0 247 384
1234 686 0 10.03.2025 23:54:30 20 127 0 13.114 290 1 0 247 384
1234 687 0 10.03.2025 23:54:30 20 127 0 13.114 290 1 0 247 384
1234 688 0 10.03.2025 23:54:30 20 127 0 13.114 290 1 0 247 384
1234 689 0 10.03.2025 23:54:30 20 127 0 13.114 290 1 0 247 384
1234 690 0 10.03.2025 23:54:30 20 127 0 13.114 290 1 0 247 384
1234 691 0 10.03.2025 23:54:30 20 127 0 13.114 290 1 0 247 384
1234 692 0 10.03.2025 23:54:30 20 127 0 13.114 290 1 0 247 384
1234 693 0 10.03.2025 23:54:30 20 127 0 13.114 290 1 0 247 384
1234 694 0 10.03.2025 23:54:30 20 127 0 13.114 290 1 0 247 384
1234 695 0 10.03.2025 23:54:30 20 127 0 13.114 290 1 0 247 384
1234 696 0 10.03.2025 23:54:30 20 127 0 13.114 290 1 0 247 384
1234 697 0 10.03.2025 23:54:30 20 127 0 13.114 290 1 0 247 384
1234 698 0 10.03.2025 23:54:30 20 127 0 13.114 290 1 0 247 384
1234 699 0 10.03.2025 23:54:30 20 127 0 13.114 290 1 0 247 384
1234 700 0 10.03.2025 23:54:30 20 127 0 13.114 290 1 0 247 384
1234 701 0 10.03.2025 23:54:30 20 127 0 13.114 290 1 0 247 384
1234 702 0 10.03.2025 23:54:30 20 127 0 13.114 290 1 0 247 384
1234 703 0 10.03.2025 23:54:30 20 127 0 13.114 290 1 0 247 384
1234 704 0 10.03.2025 23:54:30 20 127 0 13.114 290 1 0 247 384
1234 705 0 10.03.2025 23:54:30 20 127 0 13.114 290 1 0 247 384
1234 706 0 10.03.2025 23:54:30 20 127 0 13.114 290 1 0 247 384
1234 707 0 10.03.2025 23:54:30 20 127 0 13.114 290 1 0 247 384
1234 708 0 10.03.2025 23:54:30 20 127 0 13.114 290 1 0 247 384
1234 709 0 10.03.2025 23:54:30 20 127 0 13.114 290 1 0 247 384
1234 710 0 10.03.2025 23:54:30 20 127 0 13.114 290 1 0 247 384
1234 711 0 10.03.2025 23:54:30 20 127 0 13.114 290 1 0 247 384
1234 712 0 10.03.2025 23:54:30 20 127 0 13.114 290 1 0 247 384
1234 713 0 10.03.2025 23:54:30 20 127 0 13.114 290 1 0 247 384
1234 714 0 10.03.2025 23:54:30 20 127 0 13.114 290 1 0 247 384
1234 715 0 10.03.2025 23:54:30 20 127 0 13.114 290 1 0 247 384
1234 716 0 10.03.2025 23:54:30 20 127 0 13.114 290 1 0 247 384
1234 717 0 10.03.2025 23:54:30 20 127 0 13.114 290 1 0 247 384
1234 718 0 10.03.2025 23:54:30 20 127 0 13.114 290 1 0 247 384
1234 719 0 10.03.2025 23:54:30 20 127 0 13.114 290 1 0 247 384
1234 720 0 10.03.2025 23:54:30 20 127 0 13.114 290 1 0 247 384
1234 721 0 10.03.2025 23:54:30 20 127 0 13.114 290 1 0 247 384
1234 722 0 10.03.2025 23:54:30 20 127 0 13.114 290 1 0 247 384
1234 723 0 10.03.2025 23:54:30 20 127 0 13.114 290 1 0 247 384
1234 724 0 10.03.2025 23:54:30 20 127 0 13.114 290 1 0 247 384
1234 725 0 10.03.2025 23:54:30 20 127 0 13.114 290 1 0 247 384
1234 726 0 10.03.2025 23:54:30 20 127 0 13.114 290 1 0 247 384
1234 727 0 10.03.2025 23:54:30 20 127 0 13.114 290 1 0 247 384
1234 728 0 10.03.2025 23:54:30 20 127 0 13.114 290 1 0 247 384
1234 729 0 10.03.2025 23:54:30 20 127 0 13.114 290 1 0 247 384
1234 730 0 10.03.2025 23:54:30 20 127 0 13.114 290 1 0 247 384
1234 731 0 10.03.2025 23:54:30 20 127 0 13.114 290 1 0 247 384
1234 732 0 10.03.2025 23:54:30 20 127 0 13.114 290 1 0 247 384
1234 733 0 10.03.2025 23:54:30 20 127 0 13.114 290 1 0 247 384
1234 734 0 10.03.2025 23:54:30 20 127 0 13.114 290 1 0 247 384
1234 735 0 10.03.2025 23:54:30 20 127 0 13.114 290 1 0 247 384
1234 736 0 10.03.2025 23:54:30 20 127 0 13.114 290 1 0 247 384
1234 737 0 10.03.2025 23:54:30 20 127 0 13.114 290 1 0 247 384
1234 738 0 10.03.2025 23:54:30 20 127 0 13.114 290 1 0 247 384
1234 739 0 10.03.2025 23:54:30 20 127 0 13.114 290 1 0 247 384
1234 740 0 10.03.2025 23:54:30 20 127 0 13.114 290 1 0 247 384
1234 741 0 10.03.2025 23:54:30 20 127 0 13.114 290 1 0 247 384
1234 742 0 10.03.2025 23:54:30 20 127 0 13.114 290 1 0 247 384
1234 743 0 10.03.2025 23:54:30 20 127 0 13.114 290 1 0 247 384
1234 744 0 10.03.2025 23:54:30 20 127 0 13.114 290 1 0 247 384
1234 745 0 10.03.2025 23:54:30 20 127 0 13.114 290 1 0 247 384
1234 746 0 10.03.2025 23:54:30 20 127 0 13.114 290 1 0 247 384
1234 747 0 10.03.2025 23:54:30 20 127 0 13.114 290 1 0 247 384
1234 748 0 10.03.2025 23:54:30 20 127 0 13.114 290 1 0 247 384
1234 749 0 10.03.2025 23:54:30 20 127 0 13.114 290 1 0 247 384
1234 750 0 10.03.2025 23:54:30 20 127 0 13.114 290 1 0 247 384
1234 751 0 10.03.2025 23:54:30 20 127 0 13.114 290 1 0 247 384
1234 752 0 10.03.2025 23:54:30 20 127 0 13.114 290 1 0 247 384
1234 753 0 10.03.2025 23:54:30 20 127 0 13.114 290 1 0 247 384
1234 754 0 10.03.2025 23:54:30 20 127 0 13.114 290 1 0 247 384
1234 755 0 10.03.2025 23:54:30 20 127 0 13.114 290 1 0 247 384
1234 756 0 10.03.2025 23:54:30 20 127 0 13.114 290 1 0 247 384
1234 757 0 10.03.2025 23:54:30 20 127 0 13.114 290 1 0 247 384
1234 758 0 10.03.2025 23:54:30 20 127 0 13.114 290 1 0 247 384
1234 759 0 10.03.2025 23:54:30 20 127 0 13.114 290 1 0 247 384
1234 760 0 10.03.2025 23:54:30 20 127 0 13.114 290 1 0 247 384
1234 761 0 10.03.2025 23:54:30 20 127 0 13.114 290 1 0 247 384
1234 762 0 10.03.2025 23:54:30 20 127 0 13.114 290 1 0 247 384
1234 763 0 10.03.2025 23:54:30 20 127 0 13.114 290 1 0 247 384
1234 764 0 10.03.2025 23:54:30 20 127 0 13.114 290 1 0 247 384
1234 765 0 10.03.2025 23:54:30 20 127 0 13.114 290 1 0 247 384
1234 766 0 10.03.2025 23:54:30 20 127 0 13.114 290 1 0 247 384
1234 767 0 10.03.2025 23:54:30 20 127 0 13.114 290 1 0 247 384
1234 768 0 10.03.2025 23:54:30 20 127 0 13.114 290 1 0 247 384
1234 769 0 10.03.2025 23:54:30 20 127 0 13.114 290 1 0 247 384
1234 770 0 10.03.2025 23:54:30 20 127 0 13.114 290 1 0 247 384
1234 771 0 10.03.2025 23:54:30 20 127 0 13.114 290 1 0 247 384
1234 772 0 10.03.2025 23:54:30 20 127 0 13.114 290 1 0 247 384
1234 773 0 10.03.2025 23:54:30 20 127 0 13.114 290 1 0 247 384
1234 774 0 10.03.2025 23:54:30 20 127 0 13.114 290 1 0 247 384
1234 775 0 10.03.2025 23:54:30 20 127 0 13.114 290 1 0 247 384
1234 776 0 10.03.2025 23:54:30 20 127 0 13.114 290 1 0 247 384
1234 777 0 10.03.2025 23:54:30 20 127 0 13.114 290 1 0 247 384
1234 778 0 10.03.2025 23:54:30 20 127 0 13.114 290 1 0 247 384
1234 779 0 10.03.2025 23:54:30 20 127 0 13.114 290 1 0 247 384
1234 780 0 10.03.2025 23:54:30 20 127 0 13.114 290 1 0 247 384
1234 781 0 10.03.2025 23:54:30 20 127 0 13.114 290 1 0 247 384
1234 782 0 10.03.2025 23:54:30 20 127 0 13.114 290 1 0 247 384
1234 783 0 10.03.2025 23:54:30 20 127 0 13.114 290 1 0 247 384
1234 784 0 10.03.2025 23:54:30 20 127 0 13.114 290 1 0 247 384
1234 785 0 10.03.2025 23:54:30 20 127 0 13.114 290 1 0 247 384
1234 786 0 10.03.2025 23:54:30 20 127 0 13.114 290 1 0 247 384
1234 787 0 10.03.2025 23:54:30 20 127 0 13.114 290 1 0 247 384
1234 788 0 10.03.2025 23:54:30 20 127 0 13.114 290 1 0 247 384
1234 789 0 10.03.2025 23:54:30 20 127 0 13.114 290 1 0 247 384
1234 790 0 10.03.2025 23:54:30 20 127 0 13.114 290 1 0 247 384
1234 791 0 10.03.2025 23:54:30 20 127 0 13.114 290 1 0 247 384
1234 792 0 10.03.2025 23:54:30 20 127 0 13.114 290 1 0 247 384
1234 793 0 10.03.2025 23:54:30 20 127 0 13.114 290 1 0 247 384
1234 794 0 10.03.2025 23:54:30 20 127 0 13.114 290 1 0 247 384
1234 795 0 10.03.2025 23:54:30 20 127 0 13.114 290 1 0 247 384
1234 796 0 10.03.2025 23:54:30 20 127 0 13.114 290 1 0 247 384
1234 797 0 10.03.2025 23:54:30 20 127 0 13.114 290 1 0 247 384
1234 798 0 10.03.2025 23:54:30 20 127 0 13.114 290 1 0 247 384
1234 799 0 10.03.2025 23:54:30 20 127 0 13.114 290 1 0 247 384
1234 800 0 10.03.2025 23:54:30 20 127 0 13.114 290 1 0 247 384
1234 801 0 10.03.2025 23:54:30 20 127 0 13.114 290 1 0 247 384
1234 802 0 10.03.2025 23:54:30 20 127 0 13.114 290 1 0 247 384
1234 803 0 10.03.2025 23:54:30 20 127 0 13.114 290 1 0 247 384
1234 804 0 10.03.2025 23:54:30 20 127 0 13.114 290 1 0 247 384
1234 805 0 10.03.2025 23:54:30 20 127 0 13.114 290 1 0 247 384
1234 806 0 10.03.2025 23:54:30 20 127 0 13.114 290 1 0 247 384
1234 807 0 10.03.2025 23:54:30 20 127 0 13.114 290 1 0 247 384
1234 808 0 10.03.2025 23:54:30 20 127 0 13.114 290 1 0 247 384
1234 809 0 10.03.2025 23:54:30 20 127 0 13.114 290 1 0 247 384
1234 810 0 10.03.2025 23:54:30 20 127 0 13.114 290 1 0 247 384
1234 811 0 10.03.2025 23:54:30 20 127 0 13.114 290 1 0 247 384
1234 812 0 10.03.2025 23:54:30 20 127 0 13.114 290 1 0 247 384
1234 813 0 10.03.2025 23:54:30 20 127 0 13.114 290 1 0 247 384
1234 814 0 10.03.2025 23:54:30 20 127 0 13.114 290 1 0 247 384
1234 815 0 10.03.2025 23:54:30 20 127 0 13.114 290 1 0 247 384
1234 816 0 10.03.2025 23:54:30 20 127 0 13.114 290 1 0 247 384
1234 817 0 10.03.2025 23:54:30 20 127 0 13.114 290 1 0 247 384
1234 818 0 10.03.2025 23:54:30 20 127 0 13.114 290 1 0 247 384
1234 819 0 10.03.2025 23:54:30 20 127 0 13.114 290 1 0 247 384
1234 820 0 10.03.2025 23:54:30 20 127 0 13.114 290 1 0 247 384
1234 821 0 10.03.2025 23:54:30 20 127 0 13.114 290 1 0 247 384
1234 822 0 10.03.2025 23:54:30 20 127 0 13.114 290 1 0 247 384
1234 823 0 10.03.2025 23:54:30 20 127 0 13.114 290 1 0 247 384
1234 824 0 10.03.2025 23:54:30 20 127 0 13.114 290 1 0 247 384
1234 825 0 10.03.2025 23:54:30 20 127 0 13.114 290 1 0 247 384
1234 826 0 10.03.2025 23:54:30 20 127 0 13.114 290 1 0 247 384
1234 827 0 10.03.2025 23:54:30 20 127 0 13.114 290 1 0 247 384
1234 828 0 10.03.2025 23:54:30 20 127 0 13.114 290 1 0 247 384
1234 829 0 10.03.2025 23:54:30 20 127 0 13.114 290 1 0 247 384
1234 830 0 10.03.2025 23:54:30 20 127 0 13.114 290 1 0 247 384
1234 831 0 10.03.2025 23:54:30 20 127 0 13.114 290 1 0 247 384
1234 832 0 10.03.2025 23:54:30 20 127 0 13.114 290 1 0 247 384
1234 833 0 10.03.2025 23:54:30 20 127 0 13.114 290 1 0 247 384
1234 834 0 10.03.2025 23:54:30 20 127 0 13.114 290 1 0 247 384
1234 835 0 10.03.2025 23:54:30 20 127 0 13.114 290 1 0 247 384
1234 836 0 10.03.2025 23:54:30 20 127 0 13.114 290 1 0 247 384
1234 837 0 10.03.2025 23:54:30 20 127 0 13.114 290 1 0 247 384
1234 838 0 10.03.2025 23:54:30 20 127 0 13.114 290 1 0 247 384
1234 839 0 10.03.2025 23:54:30 20 127 0 13.114 290 1 0 247 384
1234 840 0 10.03.2025 23:54:30 20 127 0 13.114 290 1 0 247 384
1234 841 0 10.03.2025 23:54:30 20 127 0 13.114 290 1 0 247 384
1234 842 0 10.03.2025 23:54:30 20 127 0 13.114 290 1 0 247 384
1234 843 0 10.03.2025 23:54:30 20 127 0 13.114 290 1 0 247 384
1234 844 0 10.03.2025 23:54:30 20 127 0 13.114 290 1 0 247 384
1234 845 0 10.03.2025 23:54:30 20 127 0 13.114 290 1 0 247 384
1234 846 0 10.03.2025 23:54:30 20 127 0 13.114 290 1 0 247 384
1234 847 0 10.03.2025 23:54:30 20 127 0 13.114 290 1 0 247 384
1234 848 0 10.03.2025 23:54:30 20 127 0 13.114 290 1 0 247 384
1234 849 0 10.03.2025 23:54:30 20 127 0 13.114 290 1 0 247 384
1234 850 0 10.03.2025 23:54:30 20 127 0 13.114 290 1 0 247 384
1234 851 0 10.03.2025 23:54:30 20 127 0 13.114 290 1 0 247 384
1234 852 0 10.03.2025 23:54:30 20 127 0 13.114 290 1 0 247 384
1234 853 0 10.03.2025 23:54:30 20 127 0 13.114 290 1 0 247 384
1234 854 0 10.03.2025 23:54:30 20 127 0 13.114 290 1 0 247 384
1234 855 0 10.03.2025 23:54:30 20 127 0 13.114 290 1 0 247 384
1234 856 0 10.03.2025 23:54:30 20 127 0 13.114 290 1 0 247 384
1234 857 0 10.03.2025 23:54:30 20 127 0 13.114 290 1 0 247 384
1234 858 0 10.03.2025 23:54:30 20 127 0 13.114 290 1 0 247 384
1234 859 0 10.03.2025 23:54:30 20 127 0 13.114 290 1 0 247 384
1234 860 0 10.03.2025 23:54:30 20 127 0 13.114 290 1 0 247 384
1234 861 0 10.03.2025 23:54:30 20 127 0 13.114 290 1 0 247 384
1234 862 0 10.03.2025 23:54:30 20 127 0 13.114 290 1 0 247 384
1234 863 0 10.03.2025 23:54:30 20 127 0 13.114 290 1 0 247 384
1234 864 0 10.03.2025 23:54:30 20 127 0 13.114 290 1 0 247 384
1234 865 0 10.03.2025 23:54:30 20 127 0 13.114 290 1 0 247 384
1234 866 0 10.03.2025 23:54:30 20 127 0 13.114 290 1 0 247 384
1234 867 0 10.03.2025 23:54:30 20 127 0 13.114 290 1 0 247 384
1234 868 0 10.03.2025 23:54:30 20 127 0 13.114 290 1 0 247 384
1234 869 0 10.03.2025 23:54:30 20 127 0 13.114 290 1 0 247 384
1234 870 0 10.03.2025 23:54:30 20 127 0 13.114 290 1 0 247 384
1234 871 0 10.03.2025 23:54:30 20 127 0 13.114 290 1 0 247 384
1234 872 0 10.03.2025 23:54:30 20 127 0 13.114 290 1 0 247 384
1234 873 0 10.03.2025 23:54:30 20 127 0 13.114 290 1 0 247 384
1234 874 0 10.03.2025 23:54:30 20 127 0 13.114 290 1 0 247 384
1234 875 0 10.03.2025 23:54:30 20 127 0 13.114 290 1 0 247 384
1234 876 0 10.03.2025 23:54:30 20 127 0 13.114 290 1 0 247 384
1234 877 0 10.03.2025 23:54:30 20 127 0 13.114 290 1 0 247 384
1234 878 0 10.03.2025 23:54:30 20 127 0 13.114 290 1 0 247 384
1234 879 0 10.03.2025 23:54:30 20 127 0 13.114 290 1 0 247 384
1234 880 0 10.03.2025 23:54:30 20 127 0 13.114 290 1 0 247 384
1234 881 0 10.03.2025 23:54:30 20 127 0 13.114 290 1 0 247 384
1234 882 0 10.03.2025 23:54:30 20 127 0 13.114 290 1 0 247 384
1234 883 0 10.03.2025 23:54:30 20 127 0 13.114 290 1 0 247 384
1234 884 0 10.03.2025 23:54:30 20 127 0 13.114 290 1 0 247 384
1234 885 0 10.03.2025 23:54:30 20 127 0 13.114 290 1 0 247 384
1234 886 0 10.03.2025 23:54:30 20 127 0 13.114 290 1 0 247 384
1234 887 0 10.03.2025 23:54:30 20 127 0 13.114 290 1 0 247 384
1234 888 0 10.03.2025 23:54:30 20 127 0 13.114 290 1 0 247 384
1234 889 0 10.03.2025 23:54:30 20 127 0 13.114 290 1 0 247 384
1234 890 0 10.03.2025 23:54:30 20 127 0 13.114 290 1 0 247 384
1234 891 0 10.03.2025 23:54:30 20 127 0 13.114 290 1 0 247 384
1234 892 0 10.03.2025 23:54:30 20 127 0 13.114 290 1 0 247 384
1234 893 0 10.03.2025 23:54:30 20 127 0 13.114 290 1 0 247 384
1234 894 0 10.03.2025 23:54:30 20 127 0 13.114 290 1 0 247 384
1234 895 0 10.03.2025 23:54:30 20 127 0 13.114 290 1 0 247 384
1234 896 0 10.03.2025 23:54:30 20 127 0 13.114 290 1 0 247 384
1234 897 0 10.03.2025 23:54:30 20 127 0 13.114 290 1 0 247 384
1234 898 0 10.03.2025 23:54:30 20 127 0 13.114 290 1 0 247 384
1234 899 0 10.03.2025 23:54:30 20 127 0 13.114 290 1 0 247 384
1234 900 0 10.03.2025 23:54:30 20 127 0 13.114 290 1 0 247 384
1234 901 0 10.03.2025 23:54:30 20 127 0 13.114 290 1 0 247 384
1234 902 0 10.03.2025 23:54:30 20 127 0 13.114 290 1 0 247 384
1234 903 0 10.03.2025 23:54:30 20 127 0 13.114 290 1 0 247 384
1234 904 0 10.03.2025 23:54:30 20 127 0 13.114 290 1 0 247 384
1234 905 0 10.03.2025 23:54:30 20 127 0 13.114 290 1 0 247 384
1234 906 0 10.03.2025 23:54:30 20 127 0 13.114 290 1 0 247 384
1234 907 0 10.03.2025 23:54:30 20 127 0 13.114 290 1 0 247 384
1234 908 0 10.03.2025 23:54:30 20 127 0 13.114 290 1 0 247 384
1234 909 0 10.03.2025 23:54:30 20 127 0 13.114 290 1 0 247 384
1234 910 0 10.03.2025 23:54:30 20 127 0 13.114 290 1 0 247 384
1234 911 0 10.03.2025 23:54:30 20 127 0 13.114 290 1 0 247 384
1234 912 0 10.03.2025 23:54:30 20 127 0 13.114 290 1 0 247 384
1234 913 0 10.03.2025 23:54:30 20 127 0 13.114 290 1 0 247 384
1234 914 0 10.03.2025 23:54:30 20 127 0 13.114 290 1 0 247 384
1234 915 0 10.03.2025 23:54:30 20 127 0 13.114 290 1 0 247 384
1234 916 0 10.03.2025 23:54:30 20 127 0 13.114 290 1 0 247 384
1234 917 0 10.03.2025 23:54:30 20 127 0 13.114 290 1 0 247 384
1234 918 0 10.03.2025 23:54:30 20 127 0 13.114 290 1 0 247 384
1234 919 0 10.03.2025 23:54:30 20 127 0 13.114 290 1 0 247 384
1234 920 0 10.03.2025 23:54:30 20 127 0 13.114 290 1 0 247 384
1234 921 0 10.03.2025 23:54:30 20 127 0 13.114 290 1 0 247 384
1234 922 0 10.03.2025 23:54:30 20 127 0 13.114 290 1 0 247 384
1234 923 0 10.03.2025 23:54:30 20 127 0 13.114 290 1 0 247 384
1234 924 0 10.03.2025 23:54:30 20 127 0 13.114 290 1 0 247 384
1234 925 0 10.03.2025 23:54:30 20 127 0 13.114 290 1 0 247 384
1234 926 0 10.03.2025 23:54:30 20 127 0 13.114 290 1 0 247 384
1234 927 0 10.03.2025 23:54:30 20 127 0 13.114 290 1 0 247 384
1234 928 0 10.03.2025 23:54:30 20 127 0 13.114 290 1 0 247 384
1234 929 0 10.03.2025 23:54:30 20 127 0 13.114 290 1 0 247 384
1234 930 0 10.03.2025 23:54:30 20 127 0 13.114 290 1 0 247 384
1234 931 0 10.03.2025 23:54:30 20 127 0 13.114 290 1 0 247 384
1234 932 0 10.03.2025 23:54:30 20 127 0 13.114 290 1 0 247 384
1234 933 0 10.03.2025 23:54:30 20 127 0 13.114 290 1 0 247 384
1234 934 0 10.03.2025 23:54:30 20 127 0 13.114 290 1 0 247 384
1234 935 0 10.03.2025 23:54:30 20 127 0 13.114 290 1 0 247 384
1234 936 0 10.03.2025 23:54:30 20 127 0 13.114 290 1 0 247 384
1234 937 0 10.03.2025 23:54:30 20 127 0 13.114 290 1 0 247 384
1234 938 0 10.03.2025 23:54:30 20 127 0 13.114 290 1 0 247 384
1234 939 0 10.03.2025 23:54:30 20 127 0 13.114 290 1 0 247 384
1234 940 0 10.03.2025 23:54:30 20 127 0 13.114 290 1 0 247 384
1234 941 0 10.03.2025 23:54:30 20 127 0 13.114 290 1 0 247 384
1234 942 0 10.03.2025 23:54:30 20 127 0 13.114 290 1 0 247 384
1234 943 0 10.03.2025 23:54:30 20 127 0 13.114 290 1 0 247 384
1234 944 0 10.03.2025 23:54:30 20 127 0 13.114 290 1 0 247 384
1234 945 0 10.03.2025 23:54:30 20 127 0 13.114 290 1 0 247 384
1234 946 0 10.03.2025 23:54:30 20 127 0 13.114 290 1 0 247 384
1234 947 0 10.03.2025 23:54:30 20 127 0 13.114 290 1 0 247 384
1234 948 0 10.03.2025 23:54:30 20 127 0 13.114 290 1 0 247 384
1234 949 0 10.03.2025 23:54:30 20 127 0 13.114 290 1 0 247 384
1234 950 0 10.03.2025 23:54:30 20 127 0 13.114 290 1 0 247 384
1234 951 0 10.03.2025 23:54:30 20 127 0 13.114 290 1 0 247 384
1234 952 0 10.03.2025 23:54:30 20 127 0 13.114 290 1 0 247 384
1234 953 0 10.03.2025 23:54:30 20 127 0 13.114 290 1 0 247 384
1234 954 0 10.03.2025 23:54:30 20 127 0 13.114 290 1 0 247 384
1234 955 0 10.03.2025 23:54:30 20 127 0 13.114 290 1 0 247 384
1234 956 0 10.03.2025 23:54:30 20 127 0 13.114 290 1 0 247 384
1234 957 0 10.03.2025 23:54:30 20 127 0 13.114 290 1 0 247 384
1234 958 0 10.03.2025 23:54:30 20 127 0 13.114 290 1 0 247 384
1234 959 0 10.03.2025 23:54:30 20 127 0 13.114 290 1 0 247 384
1234 960 0 10.03.2025 23:54:30 20 127 0 13.114 290 1 0 247 384
1234 961 0 10.03.2025 23:54:30 20 127 0 13.114 290 1 0 247 384
1234 962 0 10.03.2025 23:54:30 20 127 0 13.114 290 1 0 247 384
1234 963 0 10.03.2025 23:54:30 20 127 0 13.114 290 1 0 247 384
1234 964 0 10.03.2025 23:54:30 20 127 0 13.114 290 1 0 247 384
1234 965 0 10.03.2025 23:54:30 20 127 0 13.114 290 1 0 247 384
1234 966 0 10.03.2025 23:54:30 20 127 0 13.114 290 1 0 247 384
1234 967 0 10.03.2025 23:54:30 20 127 0 13.114 290 1 0 247 384
1234 968 0 10.03.2025 23:54:30 20 127 0 13.114 290 1 0 247 384
1234 969 0 10.03.2025 23:54:30 20 127 0 13.114 290 1 0 247 384
1234 970 0 10.03.2025 23:54:30 20 127 0 13.114 290 1 0 247 384
1234 971 0 10.03.2025 23:54:30 20 127 0 13.114 290 1 0 247 384
1234 972 0 10.03.2025 23:54:30 20 127 0 13.114 290 1 0 247 384
1234 973 0 10.03.2025 23:54:30 20 127 0 13.114 290 1 0 247 384
1234 974 0 10.03.2025 23:54:30 20 127 0 13.114 290 1 0 247 384
1234 975 0 10.03.2025 23:54:30 20 127 0 13.114 290 1 0 247 384
1234 976 0 10.03.2025 23:54:30 20 127 0 13.114 290 1 0 247 384
1234 977 0 10.03.2025 23:54:30 20 127 0 13.114 290 1 0 247 384
1234 978 0 10.03.2025 23:54:30 20 127 0 13.114 290 1 0 247 384
1234 979 0 10.03.2025 23:54:30 20 127 0 13.114 290 1 0 247 384
1234 980 0 10.03.2025 23:54:30 20 127 0 13.114 290 1 0 247 384
1234 981 0 10.03.2025 23:54:30 20 127 0 13.114 290 1 0 247 384
1234 982 0 10.03.2025 23:54:30 20 127 0 13.114 290 1 0 247 384
1234 983 0 10.03.2025 23:54:30 20 127 0 13.114 290 1 0 247 384
1234 984 0 10.03.2025 23:54:30 20 127 0 13.114 290 1 0 247 384
1234 985 0 10.03.2025 23:54:30 20 127 0 13.114 290 1 0 247 384
1234 986 0 10.03.2025 23:54:30 20 127 0 13.114 290 1 0 247 384
1234 987 0 10.03.2025 23:54:30 20 127 0 13.114 290 1 0 247 384
1234 988 0 10.03.2025 23:54:30 20 127 0 13.114 290 1 0 247 384
1234 989 0 10.03.2025 23:54:30 20 127 0 13.114 290 1 0 247 384
1234 990 0 10.03.2025 23:54:30 20 127 0 13.114 290 1 0 247 384
1234 991 0 10.03.2025 23:54:30 20 127 0 13.114 290 1 0 247 384
1234 992 0 10.03.2025 23:54:30 20 127 0 13.114 290 1 0 247 384
1234 993 0 10.03.2025 23:54:30 20 127 0 13.114 290 1 0 247 384
1234 994 0 10.03.2025 23:54:30 20 127 0 13.114 290 1 0 247 384
1234 995 0 10.03.2025 23:54:30 20 127 0 13.114 290 1 0 247 384
1234 996 0 10.03.2025 23:54:30 20 127 0 13.114 290 1 0 247 384
1234 997 0 10.03.2025 23:54:30 20 127 0 13.114 290 1 0 247 384
1234 998 0 10.03.2025 23:54:30 20 127 0 13.114 290 1 0 247 384
1234 999 0 10.03.2025 23:54:30 20 127 0 13.114 290 1 0 247 384
